532
562
580
589
600
622
634
640
651
688
742
753
756
758
761
767
786
796
799
805
820
867
907
935
951
956
958
959
960
960
965
984
1030
1051
1058
1059
1068
1107
1185
1215
1232
1254
1288
1373
1428
1486
1528
1546
1558
1584
1673
1748
1799
1870
2018
2123
2232
2277
2292
2298
2299
2300
2300
2300
2300
2300
2300
2306
2330
2375
2391
2424
2491
2608
2657
2685
2734
2898
3118
3194
3314
3523
3598
3648
3676
3687
3690
3691
3691
3701
3741
3844
3878
3887
3887
3888
3888
3888
3889
3889
3889
3889
3889
3889
3889
3889
3889
3896
3939
4082
4219
4250
4262
4266
4266
4266
4304
4470
4865
4961
4995
5017
5025
5067
5214
5516
5630
5688
5735
5765
5771
5772
5784
5836
5916
5959
5980
5989
5993
5994
5995
5996
5996
5996
5997
5997
6040
6252
6681
6868
7013
7083
7152
7306
7679
7755
7782
7799
7811
7849
8034
8310
8814
9045
9130
9162
9183
9195
9247
9486
9895
10051
10110
10144
10208
10246
10252
10252
10393
10977
11531
11833
12013
12137
12351
12565
12958
13711
14035
14155
14330
14401
14411
14418
14421
14422
14530
14982
15895
16393
16892
17640
18025
18235
18382
18669
18968
19839
21403
21977
22144
22216
22254
22272
22466
23553
25469
25872
25995
26035
26050
26056
26059
26169
26564
27483
28063
28164
28237
28346
28563
28693
28771
28804
28813
28815
28815
28815
28815
28815
28815
28815
29042
29796
32044
32982
33265
33316
33332
33529
34619
36098
36696
36958
37096
37129
37250
37831
38695
39079
39220
39429
40048
41290
42093
42551
42713
42974
44223
46777
48152
49717
50743