590
590
590
649
649
649
649
649
762
762
762
762
762
760
804
804
804
804
804
895
895
963
963
963
963
963
961
961
961
961
1060
1060
1060
1060
1060
1059
1253
1253
1253
1253
1253
1470
1470
1470
1562
1562
1562
1567
1567
1816
1816
1816
2099
2099
2303
2303
2303
2303
2303
2302
2301
2301
2301
2301
2301
2300
2300
2425
2425
2425
2425
2700
2700
2700
2700
2700
3209
3209
3209
3698
3698
3698
3698
3698
3693
3693
3693
3693
3693
3890
3890
3890
3890
3890
3889
3889
3889
3889
3889
3889
3889
3889
3889
3889
3889
3889
3889
4037
4268
4268
4268
4268
4268
4267
4267
4267
5038
5038
5038
5038
5038
5032
5032
5781
5781
5781
5781
5781
5775
5775
5775
5775
6000
6000
6000
6000
6000
5998
5998
5998
5998
5998
5997
5997
5997
5997
6857
6857
7156
7156
7156
7156
7802
7802
7802
7802
7802
7801
8020
8020
9210
9210
9210
9210
9210
9208
9208
9208
10138
10138
10138
10138
10254
10254
10254
10254
10254
10253
11986
12161
12161
12161
12548
12548
12548
14119
14119
14119
14426
14426
14426
14426
14426
14424
14424
14424
16569
16569
16569
18344
18344
18344
18344
19003
19003
19003
21895
22280
22280
22280
22280
22280
22279
22279
26101
26101
26101
26101
26101
26065
26065
26065
26065
28237
28237
28237
28237
28237
28817
28817
28817
28817
28817
28816
28816
28816
28816
28816
28815
28815
28815
28815
33355
33355
33355
33355
33355
33345
33345
37170
37170
37170
37170
37170
37165
37165
39259
39259
39259
39259
39259
42813
42813
42813
42813
42813
42797
46931
46931
51083
51083
51083
51083