457
534
563
582
587
611
627
636
640
647
715
747
753
756
758
759
777
788
797
799
801
834
875
901
939
953
956
959
960
960
960
961
997
1033
1056
1059
1059
1059
1130
1196
1217
1236
1245
1321
1389
1448
1497
1530
1550
1559
1566
1694
1752
1790
1912
2013
2127
2252
2278
2295
2298
2300
2300
2300
2300
2300
2300
2300
2300
2350
2375
2399
2413
2538
2615
2667
2690
2699
3076
3125
3201
3393
3526
3603
3659
3681
3688
3691
3691
3691
3692
3773
3866
3885
3887
3888
3888
3888
3889
3889
3889
3889
3889
3889
3889
3889
3889
3889
3889
3947
4137
4241
4256
4265
4266
4266
4266
4266
4670
4873
4980
4998
5019
5027
5030
5309
5533
5643
5700
5754
5767
5772
5773
5773
5860
5932
5960
5981
5990
5993
5994
5996
5996
5996
5997
5997
5997
5997
6459
6760
6895
7041
7091
7130
7569
7727
7757
7798
7800
7800
7874
8019
8335
8857
9073
9140
9165
9186
9197
9202
9586
9946
10072
10111
10168
10231
10252
10252
10253
10253
10911
11587
11881
12001
12176
12421
12519
13223
13816
14077
14200
14380
14406
14413
14420
14422
14423
14423
15213
15996
16366
16814
17744
18085
18228
18465
18713
18855
20722
21736
22060
22178
22208
22266
22273
22275
23953
25688
25910
26012
26040
26050
26057
26060
26061
26854
27930
28092
28177
28216
28427
28597
28703
28781
28810
28815
28815
28815
28815
28815
28815
28815
28815
28815
30121
32440
33158
33268
33323
33334
33341
34800
36162
36677
37034
37101
37131
37146
38146
38838
39142
39246
39253
40333
41079
42224
42622
42719
42773
45759
46554
48269
50156